Amino      Phi      Psi    Omega
ASN     360.00   180.00   -26.49
LEU    -149.19   118.88   100.20
TYR     108.81   180.00     0.00
ILE     180.00   180.00     0.00
GLN     180.00   180.00     0.83
TRP     177.94  -179.98   -24.08
LEU    -150.41   118.88   103.05
LYS     107.27   180.00   159.71
ASP      22.01  -178.87   -34.90
GLY    -147.19   180.00     0.00
GLY     180.00   180.00    19.63
PRO     120.78   180.00   -60.97
SER     -79.44   180.00     0.00
SER     180.00   180.00   180.00
GLY       0.00   180.00    26.54
ARG      93.84   178.78    50.53
PRO     150.51   180.00     0.02
PRO     179.98   180.00     0.02
PRO     179.98   180.00   -60.97
SER     -79.44   360.00   360.00
