1 5489685817.81 8.57794503398
2 5489685817.81 8.57794503398
3 5489685817.81 8.57794503398
4 5489685817.81 8.57794503398
5 5489685817.81 8.57794503398
6 5489685817.81 8.57794503398
7 5489685817.81 8.57794503398
8 5489685817.81 8.57794503398
9 5489685817.81 8.57794503398
10 5489685817.81 8.57794503398
11 5489685817.81 8.57794503398
12 5489685817.81 8.57794503398
13 5489685817.81 8.57794503398
14 5489685817.81 8.57794503398
15 5489685817.81 8.57794503398
16 5489685817.81 8.57794503398
17 5489685817.81 8.57794503398
18 5489685817.81 8.57794503398
19 5489685817.81 8.57794503398
20 5489685817.81 8.57794503398
21 5489685817.81 8.57794503398
22 5489685817.81 8.57794503398
23 5489685817.81 8.57794503398
24 5489685817.81 8.57794503398
25 5489685817.81 8.57794503398
26 5489685817.81 8.57794503398
27 5489685817.81 8.57794503398
28 5489685817.81 8.57794503398
29 5489685817.81 8.57794503398
30 5489685817.81 8.57794503398
31 5489685817.81 8.57794503398
32 5489685817.81 8.57794503398
33 5489685817.81 8.57794503398
34 5489685817.81 8.57794503398
35 5489685817.81 8.57794503398
36 5489685817.81 8.57794503398
37 5489685817.81 8.57794503398
38 5489685817.81 8.57794503398
39 5489685817.81 8.57794503398
40 5489685817.81 8.57794503398
41 5489685817.81 8.57794503398
42 5489685817.81 8.57794503398
43 5489685817.81 8.57794503398
44 5489685817.81 8.57794503398
45 5489685817.81 8.57794503398
46 5489685817.81 8.57794503398
47 5489685817.81 8.57794503398
48 5489685817.81 8.57794503398
49 5489685817.81 8.57794503398
50 5489685817.81 8.57794503398
51 5489685817.81 8.57794503398
52 5489685817.81 8.57794503398
53 5489685817.81 8.57794503398
54 5489685817.81 8.57794503398
55 5489685817.81 8.57794503398
56 5489685817.81 8.57794503398
57 5489685817.81 8.57794503398
58 5489685817.81 8.57794503398
59 5489685817.81 8.57794503398
60 5489685817.81 8.57794503398
61 5489685817.81 8.57794503398
62 5489685817.81 8.57794503398
63 5489685817.81 8.57794503398
64 5489685817.81 8.57794503398
65 5489685817.81 8.57794503398
66 5489685817.81 8.57794503398
67 5489685817.81 8.57794503398
68 5489685817.81 8.57794503398
69 5489685817.81 8.57794503398
70 5489685817.81 8.57794503398
71 5489685817.81 8.57794503398
72 5489685817.81 8.57794503398
73 5489685817.81 8.57794503398
74 5489685817.81 8.57794503398
75 5489685817.81 8.57794503398
76 5489685817.81 8.57794503398
77 5489685817.81 8.57794503398
78 5489685817.81 8.57794503398
79 5489685817.81 8.57794503398
80 5489685817.81 8.57794503398
81 5489685817.81 8.57794503398
82 5489685817.81 8.57794503398
83 5489685817.81 8.57794503398
84 5489685817.81 8.57794503398
85 5489685817.81 8.57794503398
86 5489685817.81 8.57794503398
87 5489685817.81 8.57794503398
88 5489685817.81 8.57794503398
89 5489685817.81 8.57794503398
90 5489685817.81 8.57794503398
91 5489685817.81 8.57794503398
92 5489685817.81 8.57794503398
93 5489685817.81 8.57794503398
94 5489685817.81 8.57794503398
95 5489685817.81 8.57794503398
96 5489685817.81 8.57794503398
97 5489685817.81 8.57794503398
98 5489685817.81 8.57794503398
99 5489685817.81 8.57794503398
100 5489685817.81 8.57794503398
101 5489685817.81 8.57794503398
102 5489685817.81 8.57794503398
103 5489685817.81 8.57794503398
104 5489685817.81 8.57794503398
105 5489685817.81 8.57794503398
106 5489685817.81 8.57794503398
107 5489685817.81 8.57794503398
108 5489685817.81 8.57794503398
109 5489685817.81 8.57794503398
110 5489685817.81 8.57794503398
111 5489685817.81 8.57794503398
112 5489685817.81 8.57794503398
113 5489685817.81 8.57794503398
114 5489685817.81 8.57794503398
115 5489685817.81 8.57794503398
116 5489685817.81 8.57794503398
117 5489685817.81 8.57794503398
118 5489685817.81 8.57794503398
119 5489685817.81 8.57794503398
120 5489685817.81 8.57794503398
121 5489685817.81 8.57794503398
122 5489685817.81 8.57794503398
123 5489685817.81 8.57794503398
124 5489685817.81 8.57794503398
125 5489685817.81 8.57794503398
126 5489685817.81 8.57794503398
127 5489685817.81 8.57794503398
128 5489685817.81 8.57794503398
129 5489685817.81 8.57794503398
130 5489685817.81 8.57794503398
131 5489685817.81 8.57794503398
132 5489685817.81 8.57794503398
133 5489685817.81 8.57794503398
134 5489685817.81 8.57794503398
135 5489685817.81 8.57794503398
136 5489685817.81 8.57794503398
137 5489685817.81 8.57794503398
138 5489685817.81 8.57794503398
139 5489685817.81 8.57794503398
140 5489685817.81 8.57794503398
141 5489685817.81 8.57794503398
142 5489685817.81 8.57794503398
143 5489685817.81 8.57794503398
144 5489685817.81 8.57794503398
145 5489685817.81 8.57794503398
146 5489685817.81 8.57794503398
147 5489685817.81 8.57794503398
148 5489685817.81 8.57794503398
149 5489685817.81 8.57794503398
150 5489685817.81 8.57794503398
151 5489685817.81 8.57794503398
152 5489685817.81 8.57794503398
153 5489685817.81 8.57794503398
154 5489685817.81 8.57794503398
155 5489685817.81 8.57794503398
156 5489685817.81 8.57794503398
157 5489685817.81 8.57794503398
158 5489685817.81 8.57794503398
159 5489685817.81 8.57794503398
160 5489685817.81 8.57794503398
161 5489685817.81 8.57794503398
162 5489685817.81 8.57794503398
163 5489685817.81 8.57794503398
164 5489685817.81 8.57794503398
165 5489685817.81 8.57794503398
166 5489685817.81 8.57794503398
167 5489685817.81 8.57794503398
168 5489685817.81 8.57794503398
169 5489685817.81 8.57794503398
170 5489685817.81 8.57794503398
171 5489685817.81 8.57794503398
172 5489685817.81 8.57794503398
173 5489685817.81 8.57794503398
174 5489685817.81 8.57794503398
175 5489685817.81 8.57794503398
176 5489685817.81 8.57794503398
177 5489685817.81 8.57794503398
178 5489685817.81 8.57794503398
179 5489685817.81 8.57794503398
180 5489685817.81 8.57794503398
181 5489685817.81 8.57794503398
182 5489685817.81 8.57794503398
183 5489685817.81 8.57794503398
184 5489685817.81 8.57794503398
185 5489685817.81 8.57794503398
186 5489685817.81 8.57794503398
187 5489685817.81 8.57794503398
188 5489685817.81 8.57794503398
189 5489685817.81 8.57794503398
190 5489685817.81 8.57794503398
191 5489685817.81 8.57794503398
192 5489685817.81 8.57794503398
193 5489685817.81 8.57794503398
194 5489685817.81 8.57794503398
195 5489685817.81 8.57794503398
196 5489685817.81 8.57794503398
197 5489685817.81 8.57794503398
198 5489685817.81 8.57794503398
199 5489685817.81 8.57794503398
200 5489685817.81 8.57794503398
201 5489685817.81 8.57794503398
202 5489685817.81 8.57794503398
203 5489685817.81 8.57794503398
204 5489685817.81 8.57794503398
205 5489685817.81 8.57794503398
206 5489685817.81 8.57794503398
207 5489685817.81 8.57794503398
208 5489685817.81 8.57794503398
209 5489685817.81 8.57794503398
210 5489685817.81 8.57794503398
211 5489685817.81 8.57794503398
212 5489685817.81 8.57794503398
213 5489685817.81 8.57794503398
214 5489685817.81 8.57794503398
215 5489685817.81 8.57794503398
216 5489685817.81 8.57794503398
217 5489685817.81 8.57794503398
218 5489685817.81 8.57794503398
219 5489685817.81 8.57794503398
220 5489685817.81 8.57794503398
221 5489685817.81 8.57794503398
222 5489685817.81 8.57794503398
223 5489685817.81 8.57794503398
224 5489685817.81 8.57794503398
225 5489685817.81 8.57794503398
226 5489685817.81 8.57794503398
227 5489685817.81 8.57794503398
228 5489685817.81 8.57794503398
229 5489685817.81 8.57794503398
230 5489685817.81 8.57794503398
231 5489685817.81 8.57794503398
232 5489685817.81 8.57794503398
233 5489685817.81 8.57794503398
234 5489685817.81 8.57794503398
235 5489685817.81 8.57794503398
236 5489685817.81 8.57794503398
237 5489685817.81 8.57794503398
238 5489685817.81 8.57794503398
239 5489685817.81 8.57794503398
240 5489685817.81 8.57794503398
241 5489685817.81 8.57794503398
242 5489685817.81 8.57794503398
243 5489685817.81 8.57794503398
244 5489685817.81 8.57794503398
245 5489685817.81 8.57794503398
246 5489685817.81 8.57794503398
247 5489685817.81 8.57794503398
248 5489685817.81 8.57794503398
249 5489685817.81 8.57794503398
250 5489685817.81 8.57794503398
251 5489685817.81 8.57794503398
252 5489685817.81 8.57794503398
253 5489685817.81 8.57794503398
254 5489685817.81 8.57794503398
255 5489685817.81 8.57794503398
256 5489685817.81 8.57794503398
257 5489685817.81 8.57794503398
258 5489685817.81 8.57794503398
259 5489685817.81 8.57794503398
260 5489685817.81 8.57794503398
261 5489685817.81 8.57794503398
262 5489685817.81 8.57794503398
263 5489685817.81 8.57794503398
264 5489685817.81 8.57794503398
265 5489685817.81 8.57794503398
266 5489685817.81 8.57794503398
267 5489685817.81 8.57794503398
268 5489685817.81 8.57794503398
269 5489685817.81 8.57794503398
270 5489685817.81 8.57794503398
271 5489685817.81 8.57794503398
272 5489685817.81 8.57794503398
273 5489685817.81 8.57794503398
274 5489685817.81 8.57794503398
275 5489685817.81 8.57794503398
276 5489685817.81 8.57794503398
277 5489685817.81 8.57794503398
278 5489685817.81 8.57794503398
279 5489685817.81 8.57794503398
280 5489685817.81 8.57794503398
281 5489685817.81 8.57794503398
282 5489685817.81 8.57794503398
283 5489685817.81 8.57794503398
284 5489685817.81 8.57794503398
285 5489685817.81 8.57794503398
286 5489685817.81 8.57794503398
287 5489685817.81 8.57794503398
288 5489685817.81 8.57794503398
289 5489685817.81 8.57794503398
290 5489685817.81 8.57794503398
291 5489685817.81 8.57794503398
292 5489685817.81 8.57794503398
293 5489685817.81 8.57794503398
294 5489685817.81 8.57794503398
295 5489685817.81 8.57794503398
296 5489685817.81 8.57794503398
297 5489685817.81 8.57794503398
298 5489685817.81 8.57794503398
299 5489685817.81 8.57794503398
300 5489685817.81 8.57794503398
301 5489685817.81 8.57794503398
302 5489685817.81 8.57794503398
303 5489685817.81 8.57794503398
304 5489685817.81 8.57794503398
305 5489685817.81 8.57794503398
306 5489685817.81 8.57794503398
307 5489685817.81 8.57794503398
308 5489685817.81 8.57794503398
309 5489685817.81 8.57794503398
310 5489685817.81 8.57794503398
311 5489685817.81 8.57794503398
312 5489685817.81 8.57794503398
313 5489685817.81 8.57794503398
314 5489685817.81 8.57794503398
315 5489685817.81 8.57794503398
316 5489685817.81 8.57794503398
317 5489685817.81 8.57794503398
318 5489685817.81 8.57794503398
319 5489685817.81 8.57794503398
320 5489685817.81 8.57794503398
321 5489685817.81 8.57794503398
322 5489685817.81 8.57794503398
323 5489685817.81 8.57794503398
324 5489685817.81 8.57794503398
325 5489685817.81 8.57794503398
326 5489685817.81 8.57794503398
327 5489685817.81 8.57794503398
328 5489685817.81 8.57794503398
329 5489685817.81 8.57794503398
330 5489685817.81 8.57794503398
331 5489685817.81 8.57794503398
332 5489685817.81 8.57794503398
333 5489685817.81 8.57794503398
334 5489685817.81 8.57794503398
335 5489685817.81 8.57794503398
336 5489685817.81 8.57794503398
337 5489685817.81 8.57794503398
338 5489685817.81 8.57794503398
339 5489685817.81 8.57794503398
340 5489685817.81 8.57794503398
341 5489685817.81 8.57794503398
342 5489685817.81 8.57794503398
343 5489685817.81 8.57794503398
344 5489685817.81 8.57794503398
345 5489685817.81 8.57794503398
346 5489685817.81 8.57794503398
347 5489685817.81 8.57794503398
348 5489685817.81 8.57794503398
349 5489685817.81 8.57794503398
350 5489685817.81 8.57794503398
351 5489685817.81 8.57794503398
352 5489685817.81 8.57794503398
353 5489685817.81 8.57794503398
354 5489685817.81 8.57794503398
355 5489685817.81 8.57794503398
356 5489685817.81 8.57794503398
357 5489685817.81 8.57794503398
358 5489685817.81 8.57794503398
359 5489685817.81 8.57794503398
360 5489685817.81 8.57794503398
361 5489685817.81 8.57794503398
362 5489685817.81 8.57794503398
363 5489685817.81 8.57794503398
364 5489685817.81 8.57794503398
365 5489685817.81 8.57794503398
366 5489685817.81 8.57794503398
367 5489685817.81 8.57794503398
368 5489685817.81 8.57794503398
369 5489685817.81 8.57794503398
370 5489685817.81 8.57794503398
371 5489685817.81 8.57794503398
372 5489685817.81 8.57794503398
373 5489685817.81 8.57794503398
374 5489685817.81 8.57794503398
375 5489685817.81 8.57794503398
376 5489685817.81 8.57794503398
377 5489685817.81 8.57794503398
378 5489685817.81 8.57794503398
379 5489685817.81 8.57794503398
380 5489685817.81 8.57794503398
381 5489685817.81 8.57794503398
382 5489685817.81 8.57794503398
383 5489685817.81 8.57794503398
384 5489685817.81 8.57794503398
385 5489685817.81 8.57794503398
386 5489685817.81 8.57794503398
387 5489685817.81 8.57794503398
388 5489685817.81 8.57794503398
389 5489685817.81 8.57794503398
390 5489685817.81 8.57794503398
391 5489685817.81 8.57794503398
392 5489685817.81 8.57794503398
393 5489685817.81 8.57794503398
394 5489685817.81 8.57794503398
395 5489685817.81 8.57794503398
396 5489685817.81 8.57794503398
397 5489685817.81 8.57794503398
398 5489685817.81 8.57794503398
399 5489685817.81 8.57794503398
400 5489685817.81 8.57794503398
401 5489685817.81 8.57794503398
402 5489685817.81 8.57794503398
403 5489685817.81 8.57794503398
404 5489685817.81 8.57794503398
405 5489685817.81 8.57794503398
406 5489685817.81 8.57794503398
407 5489685817.81 8.57794503398
408 5489685817.81 8.57794503398
409 5489685817.81 8.57794503398
410 5489685817.81 8.57794503398
411 5489685817.81 8.57794503398
412 5489685817.81 8.57794503398
413 5489685817.81 8.57794503398
414 5489685817.81 8.57794503398
415 5489685817.81 8.57794503398
416 5489685817.81 8.57794503398
417 5489685817.81 8.57794503398
418 5489685817.81 8.57794503398
419 5489685817.81 8.57794503398
420 5489685817.81 8.57794503398
421 5489685817.81 8.57794503398
422 5489685817.81 8.57794503398
423 5489685817.81 8.57794503398
424 5489685817.81 8.57794503398
425 5489685817.81 8.57794503398
426 5489685817.81 8.57794503398
427 5489685817.81 8.57794503398
428 5489685817.81 8.57794503398
429 5489685817.81 8.57794503398
430 5489685817.81 8.57794503398
431 5489685817.81 8.57794503398
432 5489685817.81 8.57794503398
433 5489685817.81 8.57794503398
434 5489685817.81 8.57794503398
435 5489685817.81 8.57794503398
436 5489685817.81 8.57794503398
437 5489685817.81 8.57794503398
438 5489685817.81 8.57794503398
439 5489685817.81 8.57794503398
440 5489685817.81 8.57794503398
441 5489685817.81 8.57794503398
442 5489685817.81 8.57794503398
443 5489685817.81 8.57794503398
444 5489685817.81 8.57794503398
445 5489685817.81 8.57794503398
446 5489685817.81 8.57794503398
447 5489685817.81 8.57794503398
448 5489685817.81 8.57794503398
449 5489685817.81 8.57794503398
450 5489685817.81 8.57794503398
451 5489685817.81 8.57794503398
452 5489685817.81 8.57794503398
453 5489685817.81 8.57794503398
454 5489685817.81 8.57794503398
455 5489685817.81 8.57794503398
456 5489685817.81 8.57794503398
457 5489685817.81 8.57794503398
458 5489685817.81 8.57794503398
459 5489685817.81 8.57794503398
460 5489685817.81 8.57794503398
461 5489685817.81 8.57794503398
462 5489685817.81 8.57794503398
463 5489685817.81 8.57794503398
464 5489685817.81 8.57794503398
465 5489685817.81 8.57794503398
466 5489685817.81 8.57794503398
467 5489685817.81 8.57794503398
468 5489685817.81 8.57794503398
469 5489685817.81 8.57794503398
470 5489685817.81 8.57794503398
471 5489685817.81 8.57794503398
472 5489685817.81 8.57794503398
473 5489685817.81 8.57794503398
474 5489685817.81 8.57794503398
475 5489685817.81 8.57794503398
476 5489685817.81 8.57794503398
477 5489685817.81 8.57794503398
478 5489685817.81 8.57794503398
479 5489685817.81 8.57794503398
480 5489685817.81 8.57794503398
481 5489685817.81 8.57794503398
482 5489685817.81 8.57794503398
483 5489685817.81 8.57794503398
484 5489685817.81 8.57794503398
485 5489685817.81 8.57794503398
486 5489685817.81 8.57794503398
487 5489685817.81 8.57794503398
488 5489685817.81 8.57794503398
489 5489685817.81 8.57794503398
490 5489685817.81 8.57794503398
491 5489685817.81 8.57794503398
492 5489685817.81 8.57794503398
493 5489685817.81 8.57794503398
494 5489685817.81 8.57794503398
495 5489685817.81 8.57794503398
496 5489685817.81 8.57794503398
497 5489685817.81 8.57794503398
498 5489685817.81 8.57794503398
499 5489685817.81 8.57794503398
500 5489685817.81 8.57794503398
501 5489685817.81 8.57794503398
502 5489685817.81 8.57794503398
503 5489685817.81 8.57794503398
504 5489685817.81 8.57794503398
505 5489685817.81 8.57794503398
506 5489685817.81 8.57794503398
507 5489685817.81 8.57794503398
508 5489685817.81 8.57794503398
509 5489685817.81 8.57794503398
510 5489685817.81 8.57794503398
511 5489685817.81 8.57794503398
512 5489685817.81 8.57794503398
513 5489685817.81 8.57794503398
514 5489685817.81 8.57794503398
515 5489685817.81 8.57794503398
516 5489685817.81 8.57794503398
517 5489685817.81 8.57794503398
518 5489685817.81 8.57794503398
519 5489685817.81 8.57794503398
520 5489685817.81 8.57794503398
521 5489685817.81 8.57794503398
522 5489685817.81 8.57794503398
523 5489685817.81 8.57794503398
524 5489685817.81 8.57794503398
525 5489685817.81 8.57794503398
526 5489685817.81 8.57794503398
527 5489685817.81 8.57794503398
528 5489685817.81 8.57794503398
529 5489685817.81 8.57794503398
530 5489685817.81 8.57794503398
531 5489685817.81 8.57794503398
532 5489685817.81 8.57794503398
533 5489685817.81 8.57794503398
534 5489685817.81 8.57794503398
535 5489685817.81 8.57794503398
536 5489685817.81 8.57794503398
537 5489685817.81 8.57794503398
538 5489685817.81 8.57794503398
539 5489685817.81 8.57794503398
540 5489685817.81 8.57794503398
541 5489685817.81 8.57794503398
542 5489685817.81 8.57794503398
543 5489685817.81 8.57794503398
544 5489685817.81 8.57794503398
545 5489685817.81 8.57794503398
546 5489685817.81 8.57794503398
547 5489685817.81 8.57794503398
548 5489685817.81 8.57794503398
549 5489685817.81 8.57794503398
550 5489685817.81 8.57794503398
551 5489685817.81 8.57794503398
552 5489685817.81 8.57794503398
553 5489685817.81 8.57794503398
554 5489685817.81 8.57794503398
555 5489685817.81 8.57794503398
556 5489685817.81 8.57794503398
557 5489685817.81 8.57794503398
558 5489685817.81 8.57794503398
559 5489685817.81 8.57794503398
560 5489685817.81 8.57794503398
561 5489685817.81 8.57794503398
562 5489685817.81 8.57794503398
563 5489685817.81 8.57794503398
564 5489685817.81 8.57794503398
565 5489685817.81 8.57794503398
566 5489685817.81 8.57794503398
567 5489685817.81 8.57794503398
568 5489685817.81 8.57794503398
569 5489685817.81 8.57794503398
570 5489685817.81 8.57794503398
571 5489685817.81 8.57794503398
572 5489685817.81 8.57794503398
573 5489685817.81 8.57794503398
574 5489685817.81 8.57794503398
575 5489685817.81 8.57794503398
576 5489685817.81 8.57794503398
577 5489685817.81 8.57794503398
578 5489685817.81 8.57794503398
579 5489685817.81 8.57794503398
580 5489685817.81 8.57794503398
581 5489685817.81 8.57794503398
582 5489685817.81 8.57794503398
583 5489685817.81 8.57794503398
584 5489685817.81 8.57794503398
585 5489685817.81 8.57794503398
586 5489685817.81 8.57794503398
587 5489685817.81 8.57794503398
588 5489685817.81 8.57794503398
589 5489685817.81 8.57794503398
590 5489685817.81 8.57794503398
591 5489685817.81 8.57794503398
592 5489685817.81 8.57794503398
593 5489685817.81 8.57794503398
594 5489685817.81 8.57794503398
595 5489685817.81 8.57794503398
596 5489685817.81 8.57794503398
597 5489685817.81 8.57794503398
598 5489685817.81 8.57794503398
599 5489685817.81 8.57794503398
600 5489685817.81 8.57794503398
601 5489685817.81 8.57794503398
602 5489685817.81 8.57794503398
603 5489685817.81 8.57794503398
604 5489685817.81 8.57794503398
605 5489685817.81 8.57794503398
606 5489685817.81 8.57794503398
607 5489685817.81 8.57794503398
608 5489685817.81 8.57794503398
609 5489685817.81 8.57794503398
610 5489685817.81 8.57794503398
611 5489685817.81 8.57794503398
612 5489685817.81 8.57794503398
613 5489685817.81 8.57794503398
614 5489685817.81 8.57794503398
615 5489685817.81 8.57794503398
616 5489685817.81 8.57794503398
617 5489685817.81 8.57794503398
618 5489685817.81 8.57794503398
619 5489685817.81 8.57794503398
620 5489685817.81 8.57794503398
621 5489685817.81 8.57794503398
622 5489685817.81 8.57794503398
623 5489685817.81 8.57794503398
624 5489685817.81 8.57794503398
625 5489685817.81 8.57794503398
626 5489685817.81 8.57794503398
627 5489685817.81 8.57794503398
628 5489685817.81 8.57794503398
629 5489685817.81 8.57794503398
630 5489685817.81 8.57794503398
631 5489685817.81 8.57794503398
632 5489685817.81 8.57794503398
633 5489685817.81 8.57794503398
634 5489685817.81 8.57794503398
635 5489685817.81 8.57794503398
636 5489685817.81 8.57794503398
637 5489685817.81 8.57794503398
638 5489685817.81 8.57794503398
639 5489685817.81 8.57794503398
640 5489685817.81 8.57794503398
641 5489685817.81 8.57794503398
642 5489685817.81 8.57794503398
643 5489685817.81 8.57794503398
644 5489685817.81 8.57794503398
645 5489685817.81 8.57794503398
646 5489685817.81 8.57794503398
647 5489685817.81 8.57794503398
648 5489685817.81 8.57794503398
649 5489685817.81 8.57794503398
650 5489685817.81 8.57794503398
651 5489685817.81 8.57794503398
652 5489685817.81 8.57794503398
653 5489685817.81 8.57794503398
654 5489685817.81 8.57794503398
655 5489685817.81 8.57794503398
656 5489685817.81 8.57794503398
657 5489685817.81 8.57794503398
658 5489685817.81 8.57794503398
659 5489685817.81 8.57794503398
660 5489685817.81 8.57794503398
661 5489685817.81 8.57794503398
662 5489685817.81 8.57794503398
663 5489685817.81 8.57794503398
664 5489685817.81 8.57794503398
665 5489685817.81 8.57794503398
666 5489685817.81 8.57794503398
667 5489685817.81 8.57794503398
668 5489685817.81 8.57794503398
669 5489685817.81 8.57794503398
670 5489685817.81 8.57794503398
671 5489685817.81 8.57794503398
672 5489685817.81 8.57794503398
673 5489685817.81 8.57794503398
674 5489685817.81 8.57794503398
675 5489685817.81 8.57794503398
676 5489685817.81 8.57794503398
677 5489685817.81 8.57794503398
678 5489685817.81 8.57794503398
679 5489685817.81 8.57794503398
680 5489685817.81 8.57794503398
681 5489685817.81 8.57794503398
682 5489685817.81 8.57794503398
683 5489685817.81 8.57794503398
684 5489685817.81 8.57794503398
685 5489685817.81 8.57794503398
686 5489685817.81 8.57794503398
687 5489685817.81 8.57794503398
688 5489685817.81 8.57794503398
689 5489685817.81 8.57794503398
690 5489685817.81 8.57794503398
691 5489685817.81 8.57794503398
692 5489685817.81 8.57794503398
693 5489685817.81 8.57794503398
694 5489685817.81 8.57794503398
695 5489685817.81 8.57794503398
696 5489685817.81 8.57794503398
697 5489685817.81 8.57794503398
698 5489685817.81 8.57794503398
699 5489685817.81 8.57794503398
700 5489685817.81 8.57794503398
701 5489685817.81 8.57794503398
702 5489685817.81 8.57794503398
703 5489685817.81 8.57794503398
704 5489685817.81 8.57794503398
705 5489685817.81 8.57794503398
706 5489685817.81 8.57794503398
707 5489685817.81 8.57794503398
708 5489685817.81 8.57794503398
709 5489685817.81 8.57794503398
710 5489685817.81 8.57794503398
711 5489685817.81 8.57794503398
712 5489685817.81 8.57794503398
713 5489685817.81 8.57794503398
714 5489685817.81 8.57794503398
715 5489685817.81 8.57794503398
716 5489685817.81 8.57794503398
717 5489685817.81 8.57794503398
718 5489685817.81 8.57794503398
719 5489685817.81 8.57794503398
720 5489685817.81 8.57794503398
721 5489685817.81 8.57794503398
722 5489685817.81 8.57794503398
723 5489685817.81 8.57794503398
724 5489685817.81 8.57794503398
725 5489685817.81 8.57794503398
726 5489685817.81 8.57794503398
727 5489685817.81 8.57794503398
728 5489685817.81 8.57794503398
729 5489685817.81 8.57794503398
730 5489685817.81 8.57794503398
731 5489685817.81 8.57794503398
732 5489685817.81 8.57794503398
733 5489685817.81 8.57794503398
734 5489685817.81 8.57794503398
735 5489685817.81 8.57794503398
736 5489685817.81 8.57794503398
737 5489685817.81 8.57794503398
738 5489685817.81 8.57794503398
739 5489685817.81 8.57794503398
740 5489685817.81 8.57794503398
741 5489685817.81 8.57794503398
742 5489685817.81 8.57794503398
743 5489685817.81 8.57794503398
744 5489685817.81 8.57794503398
745 5489685817.81 8.57794503398
746 5489685817.81 8.57794503398
747 5489685817.81 8.57794503398
748 5489685817.81 8.57794503398
749 5489685817.81 8.57794503398
750 5489685817.81 8.57794503398
751 5489685817.81 8.57794503398
752 5489685817.81 8.57794503398
753 5489685817.81 8.57794503398
754 5489685817.81 8.57794503398
755 5489685817.81 8.57794503398
756 5489685817.81 8.57794503398
757 5489685817.81 8.57794503398
758 5489685817.81 8.57794503398
759 5489685817.81 8.57794503398
760 5489685817.81 8.57794503398
761 5489685817.81 8.57794503398
762 5489685817.81 8.57794503398
763 5489685817.81 8.57794503398
764 5489685817.81 8.57794503398
765 5489685817.81 8.57794503398
766 5489685817.81 8.57794503398
767 5489685817.81 8.57794503398
768 5489685817.81 8.57794503398
769 5489685817.81 8.57794503398
770 5489685817.81 8.57794503398
771 5489685817.81 8.57794503398
772 5489685817.81 8.57794503398
773 5489685817.81 8.57794503398
774 5489685817.81 8.57794503398
775 5489685817.81 8.57794503398
776 5489685817.81 8.57794503398
777 5489685817.81 8.57794503398
778 5489685817.81 8.57794503398
779 5489685817.81 8.57794503398
780 5489685817.81 8.57794503398
781 5489685817.81 8.57794503398
782 5489685817.81 8.57794503398
783 5489685817.81 8.57794503398
784 5489685817.81 8.57794503398
785 5489685817.81 8.57794503398
786 5489685817.81 8.57794503398
787 5489685817.81 8.57794503398
788 5489685817.81 8.57794503398
789 5489685817.81 8.57794503398
790 5489685817.81 8.57794503398
791 5489685817.81 8.57794503398
792 5489685817.81 8.57794503398
793 5489685817.81 8.57794503398
794 5489685817.81 8.57794503398
795 5489685817.81 8.57794503398
796 5489685817.81 8.57794503398
797 5489685817.81 8.57794503398
798 5489685817.81 8.57794503398
799 5489685817.81 8.57794503398
800 5489685817.81 8.57794503398
801 5489685817.81 8.57794503398
802 5489685817.81 8.57794503398
803 5489685817.81 8.57794503398
804 5489685817.81 8.57794503398
805 5489685817.81 8.57794503398
806 5489685817.81 8.57794503398
807 5489685817.81 8.57794503398
808 5489685817.81 8.57794503398
809 5489685817.81 8.57794503398
810 5489685817.81 8.57794503398
811 5489685817.81 8.57794503398
812 5489685817.81 8.57794503398
813 5489685817.81 8.57794503398
814 5489685817.81 8.57794503398
815 5489685817.81 8.57794503398
816 5489685817.81 8.57794503398
817 5489685817.81 8.57794503398
818 5489685817.81 8.57794503398
819 5489685817.81 8.57794503398
820 5489685817.81 8.57794503398
821 5489685817.81 8.57794503398
822 5489685817.81 8.57794503398
823 5489685817.81 8.57794503398
824 5489685817.81 8.57794503398
825 5489685817.81 8.57794503398
826 5489685817.81 8.57794503398
827 5489685817.81 8.57794503398
828 5489685817.81 8.57794503398
829 5489685817.81 8.57794503398
830 5489685817.81 8.57794503398
831 5489685817.81 8.57794503398
832 5489685817.81 8.57794503398
833 5489685817.81 8.57794503398
834 5489685817.81 8.57794503398
835 5489685817.81 8.57794503398
836 5489685817.81 8.57794503398
837 5489685817.81 8.57794503398
838 5489685817.81 8.57794503398
839 5489685817.81 8.57794503398
840 5489685817.81 8.57794503398
841 5489685817.81 8.57794503398
842 5489685817.81 8.57794503398
843 5489685817.81 8.57794503398
844 5489685817.81 8.57794503398
845 5489685817.81 8.57794503398
846 5489685817.81 8.57794503398
847 5489685817.81 8.57794503398
848 5489685817.81 8.57794503398
849 5489685817.81 8.57794503398
850 5489685817.81 8.57794503398
851 5489685817.81 8.57794503398
852 5489685817.81 8.57794503398
853 5489685817.81 8.57794503398
854 5489685817.81 8.57794503398
855 5489685817.81 8.57794503398
856 5489685817.81 8.57794503398
857 5489685817.81 8.57794503398
858 5489685817.81 8.57794503398
859 5489685817.81 8.57794503398
860 5489685817.81 8.57794503398
861 5489685817.81 8.57794503398
862 5489685817.81 8.57794503398
863 5489685817.81 8.57794503398
864 5489685817.81 8.57794503398
865 5489685817.81 8.57794503398
866 5489685817.81 8.57794503398
867 5489685817.81 8.57794503398
868 5489685817.81 8.57794503398
869 5489685817.81 8.57794503398
870 5489685817.81 8.57794503398
871 5489685817.81 8.57794503398
872 5489685817.81 8.57794503398
873 5489685817.81 8.57794503398
874 5489685817.81 8.57794503398
875 5489685817.81 8.57794503398
876 5489685817.81 8.57794503398
877 5489685817.81 8.57794503398
878 5489685817.81 8.57794503398
879 5489685817.81 8.57794503398
880 5489685817.81 8.57794503398
881 5489685817.81 8.57794503398
882 5489685817.81 8.57794503398
883 5489685817.81 8.57794503398
884 5489685817.81 8.57794503398
885 5489685817.81 8.57794503398
886 5489685817.81 8.57794503398
887 5489685817.81 8.57794503398
888 5489685817.81 8.57794503398
889 5489685817.81 8.57794503398
890 5489685817.81 8.57794503398
891 5489685817.81 8.57794503398
892 5489685817.81 8.57794503398
893 5489685817.81 8.57794503398
894 5489685817.81 8.57794503398
895 5489685817.81 8.57794503398
896 5489685817.81 8.57794503398
897 5489685817.81 8.57794503398
898 5489685817.81 8.57794503398
899 5489685817.81 8.57794503398
900 5489685817.81 8.57794503398
901 5489685817.81 8.57794503398
902 5489685817.81 8.57794503398
903 5489685817.81 8.57794503398
904 5489685817.81 8.57794503398
905 5489685817.81 8.57794503398
906 5489685817.81 8.57794503398
907 5489685817.81 8.57794503398
908 5489685817.81 8.57794503398
909 5489685817.81 8.57794503398
910 5489685817.81 8.57794503398
911 5489685817.81 8.57794503398
912 5489685817.81 8.57794503398
913 5489685817.81 8.57794503398
914 5489685817.81 8.57794503398
915 5489685817.81 8.57794503398
916 5489685817.81 8.57794503398
917 5489685817.81 8.57794503398
918 5489685817.81 8.57794503398
919 5489685817.81 8.57794503398
920 5489685817.81 8.57794503398
921 5489685817.81 8.57794503398
922 5489685817.81 8.57794503398
923 5489685817.81 8.57794503398
924 5489685817.81 8.57794503398
925 5489685817.81 8.57794503398
926 5489685817.81 8.57794503398
927 5489685817.81 8.57794503398
928 5489685817.81 8.57794503398
929 5489685817.81 8.57794503398
930 5489685817.81 8.57794503398
931 5489685817.81 8.57794503398
932 5489685817.81 8.57794503398
933 5489685817.81 8.57794503398
934 5489685817.81 8.57794503398
935 5489685817.81 8.57794503398
936 5489685817.81 8.57794503398
937 5489685817.81 8.57794503398
938 5489685817.81 8.57794503398
939 5489685817.81 8.57794503398
940 5489685817.81 8.57794503398
941 5489685817.81 8.57794503398
942 5489685817.81 8.57794503398
943 5489685817.81 8.57794503398
944 5489685817.81 8.57794503398
945 5489685817.81 8.57794503398
946 5489685817.81 8.57794503398
947 5489685817.81 8.57794503398
948 5489685817.81 8.57794503398
949 5489685817.81 8.57794503398
950 5489685817.81 8.57794503398
951 5489685817.81 8.57794503398
952 5489685817.81 8.57794503398
953 5489685817.81 8.57794503398
954 5489685817.81 8.57794503398
955 5489685817.81 8.57794503398
956 5489685817.81 8.57794503398
957 5489685817.81 8.57794503398
958 5489685817.81 8.57794503398
959 5489685817.81 8.57794503398
960 5489685817.81 8.57794503398
961 5489685817.81 8.57794503398
962 5489685817.81 8.57794503398
963 5489685817.81 8.57794503398
964 5489685817.81 8.57794503398
965 5489685817.81 8.57794503398
966 5489685817.81 8.57794503398
967 5489685817.81 8.57794503398
968 5489685817.81 8.57794503398
969 5489685817.81 8.57794503398
970 5489685817.81 8.57794503398
971 5489685817.81 8.57794503398
972 5489685817.81 8.57794503398
973 5489685817.81 8.57794503398
974 5489685817.81 8.57794503398
975 5489685817.81 8.57794503398
976 5489685817.81 8.57794503398
977 5489685817.81 8.57794503398
978 5489685817.81 8.57794503398
979 5489685817.81 8.57794503398
980 5489685817.81 8.57794503398
981 5489685817.81 8.57794503398
982 5489685817.81 8.57794503398
983 5489685817.81 8.57794503398
984 5489685817.81 8.57794503398
985 5489685817.81 8.57794503398
986 5489685817.81 8.57794503398
987 5489685817.81 8.57794503398
988 5489685817.81 8.57794503398
989 5489685817.81 8.57794503398
990 5489685817.81 8.57794503398
991 5489685817.81 8.57794503398
992 5489685817.81 8.57794503398
993 5489685817.81 8.57794503398
994 5489685817.81 8.57794503398
995 5489685817.81 8.57794503398
996 5489685817.81 8.57794503398
997 5489685817.81 8.57794503398
998 5489685817.81 8.57794503398
999 5489685817.81 8.57794503398
1000 5489685817.81 8.57794503398
